############################################# BASIC TEST INSTR



PC=0-39
1050643
3172499
1636627
1624467
20482611
1094191795
1092160819
18512691
18508723
18500659
18459827
22654131
18525363
22883507
18463923
22658227
18529459
22887603
54136115
61377843
2147487159
2147487383
1101913651
28171827
17571379
1748115
1752211
1106107923
4120083
1842707
25698467
1583107
8559
2099347
526355
85557347
65639
40894823
2099347
67603




########################################################### FACTORIAL INSTR

00000000001100000000100000010011
00000000000100000000101000010011
00000000000100000000101010010011
00000000000110010000111110010011
00000000000011111000100100010011

00000000000000000011000101101111
00000000000000001111000101101111



PC=8-22
00000000001010010010000000100011
00000000000110010000111110010011
00000000000011111000100100010011

00001101000010001101000001100011
00000000000110001000111110010011
00000000000011111000100010010011
00000011000110100000111110110011
00000000000011111000101000010011

11111111111111111000000101101111
01000001010110010000111110110011
00000000000011111000100100010011
00000000000010010010000100000011
00000000000000010000000001100111

00000000000000000000000001111111
00000000000010100000110000010011



PC=0-7
3147795
1051155
1051283
1642387
1018131
12655
61807

PC=8-22
2695203
1642387
1018131
218681443
1609619
1018003
52039603
1018387
4294934895
1096355763
1018131
598275
65639
127
658451

